Set at
a06031

3-1
0C 24 20 00 04 15 25 00 19 03 00 00 
18 03 00 00 00 0C 12 01 00 00 36 3A

1-4
00 00 00 00 30 32 0C 00 15 0B 00 00 38 28 00 00
00 08 01 00 00 00 33 35

2-1
00 00 00 00 3C 36 1D 00 13 03 00 00 30 02 00 00
01 0C 11 00 00 00 24 1C

2-3 - Ie00ec-418100-fa004H-J008a9
12 28 00 00 28 26 04 01 08 01 00 00 29 24 00 00
04 11 13 00 00 08 24 09

2-4 - 00008C i04400 mIG01D I0005F
00 00 00 00 08 0C 2C 00 04 04 00 00 30 12 10 00
01 0D 12 00 00 00 05 0F

4-1
00 00 00 00 08 33 04 01 04 01 00 00 18 03 10 00
00 11 12 05 00 00 28 0B




E198
e240
7f18 ?
b015
abf3


ee42
e198

55 55 55 55 55 55 55 55 55 55 55 55 55 55 55 55 55 55 55 55 55 55 55 55 55 55 55 55 55 65 55 55 55 55 55 55 59 56 55 55 55 55 55 55 55 55 55 55 55 55 55 55 55 55 55 05 05 05 05 05 05 05 05
